{
 "cells": [
  {
   "cell_type": "markdown",
   "metadata": {
    "id": "-2pjXks_0tmd"
   },
   "source": [
    "## Задача №4: Степенной метод"
   ]
  },
  {
   "cell_type": "markdown",
   "metadata": {
    "id": "WPYirA190tmg"
   },
   "source": [
    "Ваша задача – реализовать степенной метод вычисления собственных значений и собственных векторов и протестировать его на синтетических данных. Подробности можно найти на [Википедии](https://ru.wikipedia.org/wiki/Степенной_метод).\n",
    "\n",
    "Пожалуйста, обратите внимание, что предложенный метод должен быть применим также для вычисления наименьшего собственного значения (по абсолютной величине).\n",
    "\n",
    "На всякий случай, для собственного значения $\\lambda$ и собственного вектора $\\boldsymbol{x}$ матрицы $\\mathbf{A}$ справедливо следующее уравнение:\n",
    "$$\n",
    "\\mathbf{A}\\boldsymbol{x} = \\lambda \\boldsymbol{x}\n",
    "$$"
   ]
  },
  {
   "cell_type": "code",
   "execution_count": 1,
   "metadata": {
    "ExecuteTime": {
     "end_time": "2020-02-11T07:08:51.904850Z",
     "start_time": "2020-02-11T07:08:50.413258Z"
    },
    "id": "4pqgXdtr0tmh"
   },
   "outputs": [],
   "source": [
    "import numpy as np"
   ]
  },
  {
   "cell_type": "code",
   "execution_count": 108,
   "metadata": {},
   "outputs": [],
   "source": [
    "def get_dominant_eigenvalue_and_eigenvector(data, num_steps):\n",
    "    \"\"\"\n",
    "    data: np.ndarray – symmetric diagonalizable real-valued matrix\n",
    "    num_steps: int – number of power method steps\n",
    "\n",
    "    Returns:\n",
    "    eigenvalue: float – dominant eigenvalue estimation after `num_steps` steps\n",
    "    eigenvector: np.ndarray – corresponding eigenvector estimation\n",
    "    \"\"\"\n",
    "    ### YOUR CODE HERE\n",
    "    length = data.shape[1]\n",
    "    # находим максимальный собственный вектор и максимальное собственное значение\n",
    "    eigenvector_max = np.ones(length)\n",
    "    for i in range(num_steps):\n",
    "        eigenvector_max = data.dot(eigenvector_max)\n",
    "        eigenvector_max /= np.sqrt(np.sum(eigenvector_max ** 2))\n",
    "    eigenvalue_max = np.sqrt(np.sum(data.dot(eigenvector_max) ** 2)) / np.sqrt(np.sum(eigenvector_max ** 2))\n",
    "    \n",
    "    return float(eigenvalue_max), eigenvector_max"
   ]
  },
  {
   "cell_type": "markdown",
   "metadata": {},
   "source": [
    "Для вашего удобства реализовано несколько тестов ниже. В качестве корректного примера используется функция из numpy."
   ]
  },
  {
   "cell_type": "code",
   "execution_count": 99,
   "metadata": {},
   "outputs": [],
   "source": [
    "def get_eigenvalues_and_eigenvectors_with_numpy(data):\n",
    "    _eigenvalues, _eigenvectors = np.linalg.eig(data)\n",
    "    print(_eigenvalues)\n",
    "    print(_eigenvectors)\n",
    "    max_index = np.argmax(np.abs(_eigenvalues))\n",
    "    min_index = np.argmin(np.abs(_eigenvalues))\n",
    "\n",
    "    _test_pair_a = np.array([_eigenvalues[max_index], _eigenvalues[min_index]])\n",
    "    _test_pair_b = np.array([_eigenvectors[:, max_index], _eigenvectors[:, min_index]])\n",
    "    if _test_pair_b[0][0] < 0:\n",
    "        _test_pair_b[0] *= -1\n",
    "    if _test_pair_b[1][0] < 0:\n",
    "        _test_pair_b[1] *= -1\n",
    "\n",
    "    return _test_pair_a, _test_pair_b"
   ]
  },
  {
   "cell_type": "code",
   "execution_count": 109,
   "metadata": {},
   "outputs": [
    {
     "name": "stdout",
     "output_type": "stream",
     "text": [
      "[0.03522364 1.12540449]\n",
      "[[-0.99815325  0.06074611]\n",
      " [-0.06074611 -0.99815325]]\n",
      "[0.77065207 4.76331793 3.13451995]\n",
      "[[-0.8873325   0.44296617  0.12814842]\n",
      " [ 0.36582055  0.50701444  0.78045608]\n",
      " [-0.28074253 -0.73940336  0.61193651]]\n",
      "[5.77918108 0.72687797]\n",
      "[[ 0.9519222  -0.30633988]\n",
      " [ 0.30633988  0.9519222 ]]\n",
      "[4.69254254 0.03985709 1.15275351]\n",
      "[[-0.88355626  0.44451332  0.14743214]\n",
      " [ 0.46310219  0.87616387  0.13369085]\n",
      " [ 0.06974735 -0.18639954  0.97999516]]\n",
      "[2.3175486  0.0937335  0.28912864]\n",
      "[[ 0.19958375 -0.97114385  0.13056012]\n",
      " [-0.54079814  0.00194219  0.84115016]\n",
      " [ 0.81713138  0.23848658  0.52480516]]\n",
      "[10.61927686  3.8667903   1.06257838  0.0738136 ]\n",
      "[[ 0.04473    -0.61199901  0.70598305 -0.35361615]\n",
      " [-0.58558171 -0.56939604 -0.54756274 -0.18181655]\n",
      " [-0.8093322   0.37386475  0.43633856  0.12171768]\n",
      " [ 0.0086414  -0.40183394  0.10663793  0.90944113]]\n",
      "[13.63119642  3.28277286  1.36297035  0.09992331]\n",
      "[[ 0.47963791  0.70288918 -0.50063926  0.15891697]\n",
      " [ 0.82544467 -0.37277202  0.14050467 -0.39992569]\n",
      " [ 0.12502938  0.50084598  0.85167043  0.09043465]\n",
      " [ 0.27010411 -0.34079483  0.06539297  0.89812383]]\n",
      "[11.20603327  0.0163906   2.63355043]\n",
      "[[ 0.73775112 -0.67298638 -0.05303414]\n",
      " [-0.52059602 -0.61718727  0.58996581]\n",
      " [ 0.42977096  0.40763857  0.80568463]]\n",
      "[12.60790262  9.63084701  0.08947105  2.74345813]\n",
      "[[ 0.7383338  -0.5762807   0.34114395 -0.0799034 ]\n",
      " [-0.14006016  0.05282675  0.16399337 -0.97503777]\n",
      " [-0.18303481 -0.64735434 -0.72815112 -0.13124999]\n",
      " [-0.63383326 -0.49602645  0.57142185  0.1602817 ]]\n",
      "[5.81264599e+00 2.79583454e-01 9.17738313e-04]\n",
      "[[ 0.47589945  0.87464021  0.09232668]\n",
      " [ 0.85965787 -0.44042025 -0.25887902]\n",
      " [ 0.18576346 -0.20256975  0.9614871 ]]\n",
      "[3.85554433 2.0430228  0.97806972 0.0500808 ]\n",
      "[[ 0.57087943  0.52201453  0.63037904 -0.06495979]\n",
      " [ 0.02710516  0.3405928  -0.21224511  0.91554021]\n",
      " [ 0.0200038   0.67718995 -0.61972026 -0.3961823 ]\n",
      " [-0.82034251  0.39103855  0.41655861 -0.02461593]]\n",
      "[12.24703722  0.53692143]\n",
      "[[ 0.91639709  0.40027037]\n",
      " [-0.40027037  0.91639709]]\n",
      "[0.61332375 4.86815259]\n",
      "[[-0.77483355  0.6321653 ]\n",
      " [-0.6321653  -0.77483355]]\n",
      "[1.08777362 6.02904101]\n",
      "[[-0.94711818  0.32088495]\n",
      " [-0.32088495 -0.94711818]]\n",
      "[9.03945810e+00 1.43804847e+00 1.30790528e-03]\n",
      "[[ 0.14261574  0.98063801  0.13420076]\n",
      " [ 0.00509711  0.13485726 -0.99085193]\n",
      " [ 0.98976501 -0.14199512 -0.01423435]]\n",
      "[1.71223783e+01 1.16293382e+00 1.08860063e-04 7.36515700e+00]\n",
      "[[-0.67386207 -0.64054265  0.36613911 -0.03946096]\n",
      " [-0.10459968  0.56282634  0.80747235  0.14238615]\n",
      " [-0.37131192  0.15978761 -0.31114283  0.86010785]\n",
      " [ 0.63015575 -0.49739274  0.342229    0.48824533]]\n",
      "[0.70903982 3.60801064]\n",
      "[[-0.9991236   0.04185729]\n",
      " [-0.04185729 -0.9991236 ]]\n",
      "[0.68183551 0.25330616]\n",
      "[[ 0.73576412 -0.67723789]\n",
      " [ 0.67723789  0.73576412]]\n",
      "[5.75882934 0.01815148 1.91409499]\n",
      "[[-0.42809649 -0.62813594 -0.64975275]\n",
      " [-0.15907338  0.76011371 -0.6300181 ]\n",
      " [-0.88962299  0.16635017  0.42532171]]\n",
      "[0.69004163 3.90952504]\n",
      "[[-0.78442729 -0.62022079]\n",
      " [ 0.62022079 -0.78442729]]\n",
      "[0.23928878 0.01359181]\n",
      "[[ 0.9991893  -0.04025835]\n",
      " [ 0.04025835  0.9991893 ]]\n",
      "[3.12421888 0.90046035 1.23744576]\n",
      "[[ 0.36417951  0.91288196  0.1844446 ]\n",
      " [ 0.47024431 -0.35118417  0.80965423]\n",
      " [-0.80389277  0.20812545  0.55717162]]\n",
      "[12.953408    0.08648338  0.57614808]\n",
      "[[ 0.82170508 -0.55495507  0.12971361]\n",
      " [-0.08417304  0.10693027  0.99069714]\n",
      " [ 0.56366271  0.82497926 -0.04115289]]\n",
      "[0.35844234 2.38175393]\n",
      "[[-0.94806389 -0.31807995]\n",
      " [ 0.31807995 -0.94806389]]\n",
      "[3.84115182 0.11655771]\n",
      "[[ 0.99775015 -0.06704199]\n",
      " [ 0.06704199  0.99775015]]\n",
      "[3.42426970e-04 1.34429128e+00]\n",
      "[[-0.96431687 -0.26475077]\n",
      " [ 0.26475077 -0.96431687]]\n",
      "[5.07087185 0.06362634 1.05537205 3.32314593]\n",
      "[[ 0.87924214 -0.33116813 -0.30036855 -0.16443738]\n",
      " [-0.20289156  0.13858503 -0.91766361  0.31228625]\n",
      " [-0.32284679 -0.17876937 -0.25934011 -0.89249884]\n",
      " [ 0.28554898  0.91605861 -0.02037001 -0.28086203]]\n",
      "[2.3684325 0.0764504]\n",
      "[[ 0.88747896  0.46084824]\n",
      " [-0.46084824  0.88747896]]\n",
      "[ 0.1133458   3.85998259 10.50614332]\n",
      "[[-0.66112614  0.75027232  0.00191795]\n",
      " [ 0.69822377  0.61432234  0.36754813]\n",
      " [-0.27458295 -0.24433484  0.93000252]]\n",
      "[1.01908488e+01 3.78748881e-01 6.56907157e-03]\n",
      "[[ 0.13715371  0.9686304  -0.20722936]\n",
      " [ 0.98836433 -0.11993342  0.09355176]\n",
      " [-0.06576335  0.21764908  0.97380905]]\n",
      "[9.65627043 1.18777837 3.4905569  2.61564358]\n",
      "[[ 0.00604925  0.9877739   0.1501726  -0.04140438]\n",
      " [ 0.87153537 -0.032368    0.04343318 -0.48733148]\n",
      " [-0.14743092  0.12522218 -0.91519848 -0.3535467 ]\n",
      " [ 0.46760413  0.08703129 -0.37144783  0.7973697 ]]\n",
      "[1.84218222 0.18113778]\n",
      "[[ 0.9167025   0.39957043]\n",
      " [-0.39957043  0.9167025 ]]\n",
      "[1.06832345e+01 6.27521929e+00 6.60576753e-03 2.47528035e+00]\n",
      "[[ 0.17384281  0.95702714 -0.21285124  0.09258549]\n",
      " [ 0.95536008 -0.20147898 -0.03271043  0.21359629]\n",
      " [-0.11303522 -0.20821953 -0.95784479  0.16248393]\n",
      " [-0.21044914 -0.01224308  0.19015189  0.95885532]]\n",
      "[0.64911762 0.02548718]\n",
      "[[ 0.87078572 -0.49166273]\n",
      " [ 0.49166273  0.87078572]]\n",
      "[5.82658483 0.01025438 1.33918359]\n",
      "[[-0.1650039   0.95738193 -0.23705181]\n",
      " [ 0.63548852 -0.08060722 -0.76789115]\n",
      " [ 0.75427319  0.27734874  0.59510472]]\n",
      "[16.97278808  0.13235325  1.97556332  3.13463132]\n",
      "[[ 0.76061581  0.43210441  0.43017782  0.2229269 ]\n",
      " [ 0.60682095 -0.6823429  -0.20493071 -0.35239169]\n",
      " [ 0.13080552 -0.16828717 -0.49788122  0.84064477]\n",
      " [ 0.19005745  0.56513129 -0.72461351 -0.34560101]]\n",
      "[0.34389575 3.72581164]\n",
      "[[-0.85883133  0.51225848]\n",
      " [-0.51225848 -0.85883133]]\n",
      "[11.41752052  0.01498607  2.55566109]\n",
      "[[ 0.61278099 -0.77709555  0.14360348]\n",
      " [-0.54219795 -0.28123309  0.79178869]\n",
      " [ 0.57490942  0.56305458  0.5936739 ]]\n",
      "[4.61109389 3.15083964 1.88426088 0.05045768]\n",
      "[[ 0.92250646  0.09630722 -0.37372952 -0.00574438]\n",
      " [ 0.13993433 -0.975583    0.09182501  0.14221238]\n",
      " [-0.3585996  -0.12056603 -0.91805105  0.11854291]\n",
      " [ 0.02839972  0.15628999  0.09527158  0.98269539]]\n",
      "[1.20894480e+01 1.28920270e+00 8.58720529e-03]\n",
      "[[ 0.98807047 -0.13782424  0.06871121]\n",
      " [-0.15061045 -0.9579221   0.24433938]\n",
      " [-0.0321441   0.25177315  0.96725231]]\n",
      "[0.38698645 7.00027492 3.8074338 ]\n",
      "[[ 0.66780356 -0.5423438  -0.50980546]\n",
      " [-0.60262009  0.00808786 -0.79798723]\n",
      " [-0.43690666 -0.84011773  0.32142616]]\n",
      "[11.55559938  1.50321633  0.7767373   0.17868845]\n",
      "[[ 0.82169822 -0.30619105 -0.38298889 -0.29047991]\n",
      " [-0.27976123 -0.716194    0.36859798 -0.52243214]\n",
      " [-0.48945057 -0.20582395 -0.84576721 -0.05246408]\n",
      " [-0.08356933  0.59241008 -0.04618296 -0.7999585 ]]\n",
      "[5.99629854 2.11075043 0.31436779]\n",
      "[[-0.50102107  0.82024905  0.275988  ]\n",
      " [ 0.32199641 -0.11932764  0.93919073]\n",
      " [-0.8033033  -0.55942149  0.20433159]]\n",
      "[6.06971686e+00 5.46484197e-04 2.69795053e+00]\n",
      "[[-0.36897432 -0.90296651 -0.22024858]\n",
      " [-0.62626619  0.06643987  0.77677307]\n",
      " [ 0.68676678 -0.42454356  0.59001199]]\n",
      "[9.14425013e+00 7.81668473e-03 2.60355249e+00]\n",
      "[[-0.51732797 -0.6528366   0.55333185]\n",
      " [-0.66216244  0.71495695  0.22444924]\n",
      " [ 0.54213714  0.2502817   0.80215111]]\n",
      "[5.99381088 2.71482529 0.82155082 0.31327078]\n",
      "[[ 0.31585666  0.61165037 -0.67448836  0.266803  ]\n",
      " [-0.31816924  0.66747702  0.58682207  0.32997367]\n",
      " [-0.86775211  0.08095287 -0.42777226 -0.23971611]\n",
      " [-0.21449752 -0.41689914 -0.13310223  0.87319512]]\n",
      "[0.15216056 0.02135896]\n",
      "[[ 0.96435555 -0.26460984]\n",
      " [ 0.26460984  0.96435555]]\n",
      "[8.20943077 2.6191769  0.02004187]\n",
      "[[-0.62356014  0.59296731  0.5094728 ]\n",
      " [ 0.66725964  0.74325234 -0.04837908]\n",
      " [ 0.40735406 -0.30978337  0.85912568]]\n",
      "[0.02176098 3.69184598]\n",
      "[[-0.97317895 -0.23004939]\n",
      " [ 0.23004939 -0.97317895]]\n",
      "[7.85828891 1.8469837  0.02138791]\n",
      "[[-0.95049053  0.21541456  0.22397392]\n",
      " [ 0.11639085  0.91506078 -0.38615663]\n",
      " [ 0.28813351  0.34096971  0.89482889]]\n",
      "[17.92868413  4.50833602  0.92973611  0.6656951 ]\n",
      "[[-0.07003226  0.47876516  0.86819924 -0.1100431 ]\n",
      " [ 0.37402732  0.75684918 -0.3340649   0.41914619]\n",
      " [-0.80840158  0.4076904  -0.32470331 -0.27357482]\n",
      " [-0.44909456 -0.17819031  0.17087563  0.85869891]]\n",
      "[1.35152775 4.83745352]\n",
      "[[-0.90050192  0.43485204]\n",
      " [-0.43485204 -0.90050192]]\n",
      "[1.49752278e+01 3.02439717e-05 4.08375153e+00 1.98520926e+00]\n",
      "[[ 0.58248922  0.67951709 -0.37170869  0.24656739]\n",
      " [ 0.48073318 -0.3505725  -0.36316141 -0.71701347]\n",
      " [-0.3967325   0.64231427  0.12555732 -0.64363892]\n",
      " [ 0.52173291  0.05279982  0.84509278 -0.10404396]]\n",
      "[12.49117424  6.60990641  2.47682415  0.05518881]\n",
      "[[ 0.52907287  0.37924438  0.75887569  0.01906001]\n",
      " [ 0.2189793   0.48897551 -0.37806856 -0.7549935 ]\n",
      " [-0.21396746  0.76411076 -0.24665981  0.55633767]\n",
      " [ 0.79142143 -0.18223993 -0.46939407  0.34656879]]\n"
     ]
    },
    {
     "name": "stdout",
     "output_type": "stream",
     "text": [
      "[0.45161149 5.54857219]\n",
      "[[-0.99970814  0.02415858]\n",
      " [-0.02415858 -0.99970814]]\n",
      "[9.49934619 8.31771815 0.66496784 0.17760454]\n",
      "[[ 0.72275513 -0.27269601  0.56335053  0.29308375]\n",
      " [-0.06796548  0.3021542   0.61202915 -0.72767016]\n",
      " [ 0.51560105  0.8042892  -0.29275947  0.03957694]\n",
      " [-0.45514973  0.43296491  0.47153832  0.61889557]]\n",
      "[2.25788491e+00 1.57950883e-03]\n",
      "[[ 0.97986042 -0.19968362]\n",
      " [ 0.19968362  0.97986042]]\n",
      "[0.02338    0.79950202]\n",
      "[[-0.95687214 -0.29050938]\n",
      " [ 0.29050938 -0.95687214]]\n",
      "[9.27070053 0.07219768 1.66282094 5.04103763]\n",
      "[[-0.84671908 -0.19914215 -0.47859522  0.11981575]\n",
      " [-0.23798408  0.87144315  0.15822963  0.39863995]\n",
      " [ 0.38990427  0.31943737 -0.85437355 -0.12641304]\n",
      " [ 0.27277287 -0.31446624 -0.12631638  0.90041664]]\n",
      "[8.62674337 4.27166251 0.95821113 0.53576576]\n",
      "[[ 0.45772898 -0.78098539 -0.32383717  0.27509177]\n",
      " [-0.26334665 -0.25170763  0.72808001  0.58068177]\n",
      " [-0.15812085 -0.51314962  0.37004333 -0.7581182 ]\n",
      " [ 0.83434437  0.25175891  0.47759494 -0.11131036]]\n",
      "[3.89446774 0.03192161]\n",
      "[[ 0.91796377 -0.39666423]\n",
      " [ 0.39666423  0.91796377]]\n",
      "[0.03457638 1.96643995]\n",
      "[[-0.96266375 -0.27070003]\n",
      " [ 0.27070003 -0.96266375]]\n",
      "[0.30943343 2.78036346 3.28346258]\n",
      "[[-0.11692583 -0.98989097  0.08027594]\n",
      " [-0.71269315  0.02733976 -0.70094294]\n",
      " [-0.69166236  0.13917045  0.70868523]]\n",
      "[8.53252097e+00 1.56128519e+00 1.90273893e-01 2.32740561e-04]\n",
      "[[ 0.24341007 -0.83054615 -0.43050743  0.25614056]\n",
      " [ 0.23020569  0.54344938 -0.59128692  0.54958883]\n",
      " [-0.45673511  0.03939932 -0.67689276 -0.57589663]\n",
      " [-0.82410553 -0.11534107  0.08282098  0.54834953]]\n",
      "[1.54461769 0.74616394]\n",
      "[[ 0.71482379  0.69930462]\n",
      " [-0.69930462  0.71482379]]\n",
      "[6.15979324 1.61506623 0.4168488 ]\n",
      "[[-0.81212019 -0.49397009  0.31057101]\n",
      " [-0.30350389 -0.09697583 -0.94788242]\n",
      " [-0.49834344  0.86405396  0.07116581]]\n",
      "[0.26942649 2.37686277]\n",
      "[[-0.94150253  0.33700592]\n",
      " [-0.33700592 -0.94150253]]\n",
      "[10.63740913  3.88914851  0.12699929  0.41057647]\n",
      "[[-0.34407531  0.77366759 -0.52736845 -0.07023643]\n",
      " [ 0.67215621  0.25954459 -0.14800416  0.67744919]\n",
      " [ 0.04087096 -0.55098097 -0.83343644 -0.01154271]\n",
      " [-0.65433002 -0.17462828  0.07321871  0.73211762]]\n",
      "[0.0496835  0.38537587 3.11047751]\n",
      "[[-0.60622276  0.79500657  0.02141304]\n",
      " [-0.10224943 -0.10461376  0.98924265]\n",
      " [-0.7886945  -0.59751194 -0.14470821]]\n",
      "[1.17968025 0.98325378]\n",
      "[[ 0.79820154  0.60239049]\n",
      " [-0.60239049  0.79820154]]\n",
      "[2.5764392  0.80872828 0.20442516]\n",
      "[[-0.31858452 -0.85971225 -0.39924773]\n",
      " [-0.72215838 -0.05269186  0.68971794]\n",
      " [ 0.61399607 -0.50805355  0.6040616 ]]\n",
      "[6.78084374 1.06864753]\n",
      "[[ 0.97593484 -0.21806235]\n",
      " [ 0.21806235  0.97593484]]\n",
      "[10.38755679  0.18669832  3.80407267]\n",
      "[[ 0.94074623 -0.33331371 -0.06243802]\n",
      " [-0.22511356 -0.75152371  0.62010967]\n",
      " [ 0.25361471  0.56931019  0.78202653]]\n",
      "[0.03342215 0.67611529 6.84492543]\n",
      "[[-0.87844583 -0.47707652  0.02703563]\n",
      " [-0.35703431  0.61770311 -0.70069206]\n",
      " [-0.31758374  0.62517266  0.71295141]]\n",
      "[1.20792978e+01 7.92314141e-03 1.72965782e+00]\n",
      "[[-0.72911691  0.58860191 -0.34919382]\n",
      " [ 0.16579347 -0.34312148 -0.92454323]\n",
      " [ 0.66400381  0.73199415 -0.15258932]]\n",
      "[4.26858432 0.12501417]\n",
      "[[ 0.94835729  0.31720412]\n",
      " [-0.31720412  0.94835729]]\n",
      "[0.34479493 1.60276506]\n",
      "[[-0.91482335 -0.40385423]\n",
      " [ 0.40385423 -0.91482335]]\n",
      "[1.27883876e-04 9.63236543e-01 1.20137162e+00]\n",
      "[[ 0.88915587 -0.30222624 -0.34360027]\n",
      " [-0.10135243  0.60215273 -0.79192157]\n",
      " [-0.44623931 -0.73896643 -0.50477627]]\n",
      "[5.38410664e+00 1.30336905e+00 3.87234318e-03 2.88471079e-01]\n",
      "[[-0.68902912  0.29707432 -0.64224287  0.15655611]\n",
      " [ 0.56175688  0.62583352 -0.18967016  0.5067414 ]\n",
      " [ 0.01165939 -0.65386341 -0.13343597  0.74466203]\n",
      " [-0.45774682  0.30420698  0.73057796  0.40519354]]\n",
      "[11.76790402  3.13046935  0.0161315   0.12206936]\n",
      "[[ 5.45050801e-01  6.58793710e-01 -4.49077514e-01 -2.59306496e-01]\n",
      " [ 6.84543661e-02  5.48662043e-01  5.05487372e-01  6.62394504e-01]\n",
      " [-3.22978381e-01 -1.80785705e-04 -7.35892414e-01  5.95102753e-01]\n",
      " [ 7.70661138e-01 -5.14743410e-01 -3.56967524e-02  3.73960392e-01]]\n",
      "[11.1973572   2.85155642  0.09285069]\n",
      "[[ 0.97693719 -0.1612179   0.14000899]\n",
      " [-0.16471911 -0.15177185  0.97459372]\n",
      " [ 0.13587253  0.97517901  0.17482724]]\n",
      "[7.14647569 0.03029573 1.24510913 4.64345796]\n",
      "[[ 0.46088096 -0.87103112 -0.16924089  0.01584429]\n",
      " [-0.34919462 -0.31004948  0.69587448  0.54561081]\n",
      " [ 0.45306059  0.30490551 -0.26094481  0.79603802]\n",
      " [ 0.67851895  0.22848792  0.64732066 -0.26149813]]\n",
      "[6.31135997 0.33130448]\n",
      "[[ 0.87259027  0.48845289]\n",
      " [-0.48845289  0.87259027]]\n",
      "[2.49910154 3.63291468 0.59021173]\n",
      "[[-0.98749533  0.14066931  0.07116958]\n",
      " [-0.02878898  0.28294437 -0.95870417]\n",
      " [ 0.15499729  0.94876479  0.27535652]]\n",
      "[0.20071652 2.2854015 ]\n",
      "[[-0.98480573 -0.17365963]\n",
      " [ 0.17365963 -0.98480573]]\n",
      "[10.95561172  2.34465427  0.01755638  0.98011694]\n",
      "[[-0.04498561 -0.31377428 -0.90079175 -0.29681006]\n",
      " [-0.04963697  0.16265197  0.25909737 -0.95076236]\n",
      " [ 0.96488678  0.232263   -0.11523763 -0.04204393]\n",
      " [ 0.25398026 -0.90616993  0.32888152 -0.07865771]]\n",
      "[0.02608135 1.28377511]\n",
      "[[-0.99239713  0.12307699]\n",
      " [-0.12307699 -0.99239713]]\n",
      "[5.01655117 0.01816681]\n",
      "[[ 0.91017094  0.41423286]\n",
      " [-0.41423286  0.91017094]]\n",
      "[10.10129469  1.09785115  0.44968883  3.15669924]\n",
      "[[ 0.00343204 -0.98537447 -0.16782515  0.02932734]\n",
      " [-0.51626343  0.13153894 -0.81966699 -0.21051273]\n",
      " [-0.45807705  0.01404748  0.06307928  0.88656026]\n",
      " [ 0.72361986  0.10741195 -0.54406043  0.41089562]]\n",
      "[9.51630557 1.98999587 0.13287739 0.01522235]\n",
      "[[-0.50581227 -0.8610414   0.05175118  0.00913595]\n",
      " [-0.85991665  0.49867753 -0.10015843 -0.04280605]\n",
      " [ 0.02800269 -0.05728205 -0.78757041  0.61291717]\n",
      " [-0.06255517  0.08153028  0.60582419  0.78893391]]\n",
      "[8.27226848e+00 6.25178568e-03 1.87415337e+00 2.64261987e+00]\n",
      "[[ 0.09571509  0.90756939  0.37637675  0.15967766]\n",
      " [ 0.1488707  -0.07491803 -0.26064308  0.95094163]\n",
      " [-0.58256044 -0.28165569  0.71490577  0.26495878]\n",
      " [-0.79328398  0.30228324 -0.52850304  0.00314692]]\n",
      "[13.713872    1.63225456  1.14951904  0.14261076]\n",
      "[[-0.02317692 -0.84751564 -0.51638102 -0.1205434 ]\n",
      " [-0.36649143 -0.07751559  0.34460911 -0.86076706]\n",
      " [-0.69773306 -0.30678419  0.41979772  0.49276963]\n",
      " [-0.61507352  0.42613616 -0.66209144 -0.04156266]]\n",
      "[0.74034482 5.23210183 4.14487715]\n",
      "[[ 0.72498374 -0.60294604 -0.33294841]\n",
      " [-0.25024839 -0.68095041  0.6882458 ]\n",
      " [ 0.64169644  0.41564721  0.64456426]]\n",
      "[0.06496923 3.32214826 5.88874384]\n",
      "[[ 0.45348263 -0.67585683 -0.58100865]\n",
      " [-0.0871184   0.61515702 -0.78357656]\n",
      " [-0.88699712 -0.4059549  -0.22008346]]\n",
      "[6.25289904 0.01482562]\n",
      "[[ 0.87683415  0.48079297]\n",
      " [-0.48079297  0.87683415]]\n",
      "[5.63880199 0.24417575 2.15493161 1.44673771]\n",
      "[[ 0.20075215 -0.63363609 -0.40350287 -0.6287999 ]\n",
      " [-0.67230832  0.42260093 -0.52742868 -0.30204133]\n",
      " [-0.61491554 -0.64691782  0.0072618   0.45091405]\n",
      " [ 0.3599708   0.03756446 -0.74763072  0.55682874]]\n",
      "[0.02786716 7.25798727 3.87991693]\n",
      "[[ 0.41125623 -0.82350041  0.39078817]\n",
      " [ 0.08377301 -0.39276045 -0.91581729]\n",
      " [-0.90766205 -0.40937307  0.09253807]]\n",
      "[0.46052221 5.42305839]\n",
      "[[-0.7388991  -0.67381609]\n",
      " [ 0.67381609 -0.7388991 ]]\n",
      "[6.92987801 0.05949194 1.25686036]\n",
      "[[ 0.72864051  0.67713557  0.10281256]\n",
      " [ 0.36326072 -0.50934292  0.78013552]\n",
      " [-0.58062436  0.53109058  0.61710465]]\n",
      "[0.02048614 1.73471633 1.02265533]\n",
      "[[-0.36143963  0.92218492  0.13760948]\n",
      " [ 0.69792438  0.36545041 -0.61591197]\n",
      " [ 0.61827417  0.12657399  0.7757036 ]]\n",
      "[7.17829721 4.92682674 1.42419008 0.33000596]\n",
      "[[ 0.41325507 -0.6298574   0.64317215 -0.13722059]\n",
      " [-0.13377542  0.55701112  0.71640266  0.39825867]\n",
      " [-0.51165283  0.11272274  0.26654246 -0.80898707]\n",
      " [-0.7413068  -0.52944485  0.04529822  0.41000055]]\n",
      "[0.76720631 1.10372547]\n",
      "[[-0.99938468  0.03507504]\n",
      " [-0.03507504 -0.99938468]]\n",
      "[12.87230446  1.14901479]\n",
      "[[ 0.97993451  0.19931975]\n",
      " [-0.19931975  0.97993451]]\n",
      "[3.09586402 1.64255354 0.06795701]\n",
      "[[ 0.87767706  0.43422664 -0.20280585]\n",
      " [ 0.07899606  0.28630549  0.95487632]\n",
      " [-0.47269716  0.8540939  -0.21698157]]\n",
      "[1.46382229 2.40800484]\n",
      "[[-0.95764839  0.2879402 ]\n",
      " [-0.2879402  -0.95764839]]\n",
      "[2.21476966 0.07664322]\n",
      "[[ 0.81587623 -0.57822659]\n",
      " [ 0.57822659  0.81587623]]\n",
      "[11.80701851  3.91843624  1.373765    0.28956488]\n",
      "[[-0.183775    0.82841169  0.51804007 -0.10768152]\n",
      " [ 0.06419503 -0.51162425  0.85436481  0.06465599]\n",
      " [-0.08917175  0.11025701 -0.00218634  0.98989242]\n",
      " [-0.97680814 -0.19954472 -0.04111542 -0.06585805]]\n",
      "[0.02665119 1.5335609  2.45682936]\n",
      "[[ 0.85131703 -0.42687895 -0.30501421]\n",
      " [-0.39265068 -0.90398188  0.16924006]\n",
      " [ 0.34797234  0.02431291  0.93718949]]\n",
      "[2.62802073 0.12263747]\n",
      "[[ 0.78572298  0.61857852]\n",
      " [-0.61857852  0.78572298]]\n",
      "[0.29973131 1.42989801 3.44590264]\n",
      "[[-0.84069713  0.51554304  0.1656614 ]\n",
      " [ 0.40790175  0.40170154  0.81990977]\n",
      " [-0.35615234 -0.75686937  0.54800025]]\n",
      "[8.27611578 3.07159907 0.07099632 0.7752283 ]\n",
      "[[ 0.11428809  0.62126683  0.50948904 -0.58428304]\n",
      " [-0.55315158  0.45257297 -0.66747076 -0.20900675]\n",
      " [ 0.28725354  0.63966613 -0.02742061  0.71243298]\n",
      " [-0.77359354  0.00569848  0.54235765  0.32767171]]\n",
      "[4.76524364 0.84176586 0.10673445]\n",
      "[[-0.73249974  0.61532909 -0.29122884]\n",
      " [ 0.28942762 -0.10572076 -0.95134367]\n",
      " [ 0.61617837  0.78114866  0.1006528 ]]\n",
      "[6.30783638 5.03718213 0.51015581 1.52284559]\n",
      "[[ 0.53704055  0.61564542 -0.53344313 -0.21910408]\n",
      " [-0.1423332   0.70205208  0.44681986  0.5359255 ]\n",
      " [-0.6854932   0.10079915 -0.67640164  0.24983882]\n",
      " [ 0.47056114 -0.34342848 -0.24139441  0.77611715]]\n",
      "[2.85095512 0.37606403 0.00754917]\n",
      "[[-0.40885126  0.74401797  0.52846751]\n",
      " [ 0.86171006  0.50541123 -0.04489168]\n",
      " [ 0.30049363 -0.43703175  0.84776578]]\n",
      "[17.18980271  7.15820935  0.17276607  0.8669545 ]\n",
      "[[ 0.22580603  0.56642428  0.62838029 -0.48302524]\n",
      " [-0.26815421  0.50080357 -0.69448705 -0.44156184]\n",
      " [-0.04994134 -0.65388879  0.02743734 -0.75444185]\n",
      " [ 0.9352063  -0.02808526 -0.34938967 -0.05027178]]\n",
      "[0.71718236 0.20045099]\n",
      "[[ 0.98817134  0.15335386]\n",
      " [-0.15335386  0.98817134]]\n"
     ]
    },
    {
     "name": "stdout",
     "output_type": "stream",
     "text": [
      "[1.86735516 1.2281678 ]\n",
      "[[ 0.72590759 -0.68779225]\n",
      " [ 0.68779225  0.72590759]]\n",
      "[1.9356652  3.49250475]\n",
      "[[-0.86879671 -0.49516894]\n",
      " [ 0.49516894 -0.86879671]]\n",
      "[9.6756295  2.73853059 0.13009277 0.74638428]\n",
      "[[ 0.25421833  0.20915255  0.78154662 -0.52991804]\n",
      " [ 0.61361526 -0.28335047  0.32480992  0.66157943]\n",
      " [-0.62830195 -0.63524016  0.43891369  0.09519121]\n",
      " [-0.40507531  0.68734101  0.30172531  0.5219561 ]]\n",
      "[11.19077556  3.9946703   1.43604136  0.04928534]\n",
      "[[ 0.33736622 -0.52933651  0.72136745  0.29260193]\n",
      " [-0.92531387 -0.33291435  0.18048984  0.01963908]\n",
      " [-0.01913651 -0.13918194 -0.45074731  0.88152654]\n",
      " [ 0.17208157 -0.76785369 -0.49384135 -0.37001267]]\n",
      "[8.41892492e+00 1.77991867e-03]\n",
      "[[ 0.99854312  0.05395951]\n",
      " [-0.05395951  0.99854312]]\n",
      "[4.68499415 2.00821629 0.23172673]\n",
      "[[-0.33451658  0.77728252 -0.53285133]\n",
      " [ 0.78717656  0.5413357   0.29548048]\n",
      " [-0.51812326  0.32060496  0.79294435]]\n",
      "[0.41360837 1.94479302]\n",
      "[[-0.72312971 -0.69071226]\n",
      " [ 0.69071226 -0.72312971]]\n",
      "[10.07566697  0.46856789  3.2336599 ]\n",
      "[[-0.73934912  0.56495891 -0.36631176]\n",
      " [-0.03707882  0.50904854  0.8599388 ]\n",
      " [-0.67230055 -0.64937741  0.35541658]]\n",
      "[1.68834047 0.08812683]\n",
      "[[ 0.97570007 -0.21911042]\n",
      " [ 0.21911042  0.97570007]]\n",
      "[0.08320115 0.97343614]\n",
      "[[-0.99851878  0.05440812]\n",
      " [-0.05440812 -0.99851878]]\n",
      "[0.52201026 6.93080506]\n",
      "[[-0.96140413  0.27514016]\n",
      " [-0.27514016 -0.96140413]]\n",
      "[3.48100981 1.64433698]\n",
      "[[ 0.78265068  0.62246118]\n",
      " [-0.62246118  0.78265068]]\n",
      "[4.39932253 1.04399615]\n",
      "[[ 0.96271599  0.27051417]\n",
      " [-0.27051417  0.96271599]]\n",
      "[1.77962769e-03 4.08140868e+00]\n",
      "[[-0.92006599 -0.39176341]\n",
      " [ 0.39176341 -0.92006599]]\n",
      "[8.62467453 0.08166263 0.98505212]\n",
      "[[-0.27028708  0.72183773  0.63709904]\n",
      " [ 0.79860388 -0.20151215  0.56711965]\n",
      " [-0.53775156 -0.66207487  0.52199628]]\n",
      "[0.08412449 2.24040531]\n",
      "[[-0.95776348  0.28755715]\n",
      " [-0.28755715 -0.95776348]]\n",
      "[ 0.07739471  3.9527393  12.3610158  18.84437572]\n",
      "[[ 0.35943341 -0.87157036 -0.30155974 -0.14224788]\n",
      " [ 0.13243827  0.316874   -0.34614844 -0.87305912]\n",
      " [ 0.18837582  0.28674128 -0.82017503  0.45782848]\n",
      " [ 0.90431315  0.24028196  0.34140286  0.0890303 ]]\n",
      "[10.24658005  1.94268022  4.055897  ]\n",
      "[[ 0.27213213 -0.95086473  0.14764952]\n",
      " [-0.26121151 -0.22067599 -0.93971839]\n",
      " [-0.92612777 -0.21715981  0.30842984]]\n",
      "[8.63859091 2.13543682 0.02466372]\n",
      "[[ 0.74109945 -0.64112864  0.19931301]\n",
      " [-0.64238149 -0.76343438 -0.06718617]\n",
      " [-0.19523738  0.07824336  0.97762996]]\n",
      "[1.95178468 0.06547547]\n",
      "[[ 0.80209668  0.5971942 ]\n",
      " [-0.5971942   0.80209668]]\n",
      "[1.55124652 0.16858662]\n",
      "[[ 0.96998114 -0.24318016]\n",
      " [ 0.24318016  0.96998114]]\n",
      "[3.61814867e+00 6.95183174e-01 1.88013336e-03]\n",
      "[[-0.22607754 -0.8193585  -0.52682121]\n",
      " [-0.94825161  0.30889694 -0.07349541]\n",
      " [-0.22295255 -0.4829434   0.84679268]]\n",
      "[0.0454867  0.967302   2.82733589]\n",
      "[[-0.82303495 -0.54097601  0.17308504]\n",
      " [-0.55476925  0.70027544 -0.44927206]\n",
      " [-0.1218382   0.46578886  0.87646802]]\n",
      "[9.45474933e+00 3.36888585e+00 6.94171434e-03 4.14333418e-01]\n",
      "[[ 0.62576121 -0.05363626 -0.7444588  -0.22655496]\n",
      " [-0.47835488  0.50527731 -0.57105769  0.43561974]\n",
      " [-0.5881547  -0.64581208 -0.34259098 -0.34587893]\n",
      " [ 0.18350359 -0.5698638  -0.04801695  0.79954741]]\n",
      "[2.30990612 0.00327145]\n",
      "[[ 0.79023582  0.61280286]\n",
      " [-0.61280286  0.79023582]]\n",
      "[7.50760227 0.85298298 2.89599714]\n",
      "[[-0.2922421  -0.77485146  0.56053525]\n",
      " [-0.5750645   0.61069913  0.54437799]\n",
      " [ 0.76413047  0.16325375  0.62406157]]\n",
      "[5.67674481 1.50844812 0.00721597]\n",
      "[[-0.76088239 -0.59954558  0.24819971]\n",
      " [-0.60206476  0.50962486 -0.6146548 ]\n",
      " [-0.24202482  0.61711231  0.74872985]]\n",
      "[6.60455555 4.29632842 0.61223137 1.64020371]\n",
      "[[ 0.34015707 -0.6442937   0.64383431 -0.23378658]\n",
      " [-0.37134079 -0.08027517  0.4158854   0.82625737]\n",
      " [-0.83344151 -0.40324525 -0.0959095  -0.36547214]\n",
      " [ 0.22753995 -0.64485254 -0.63507328  0.3592669 ]]\n",
      "[7.15689401 4.04592056 0.06457884 0.86292005]\n",
      "[[ 0.8498357  -0.15728249  0.32560385 -0.38343662]\n",
      " [ 0.07126245  0.65098916  0.62638394  0.42282139]\n",
      " [ 0.35534583 -0.4164893  -0.16178876  0.82103009]\n",
      " [-0.38266211 -0.6148268   0.6895286  -0.01039355]]\n",
      "[13.78245997  6.13239223  1.24660717  0.06946366]\n",
      "[[-0.37439356  0.82931786 -0.40469577  0.09100929]\n",
      " [ 0.5260364  -0.15319979 -0.82777223 -0.12086628]\n",
      " [-0.5540795  -0.25964192 -0.19202307 -0.76727382]\n",
      " [-0.52546272 -0.47047613 -0.3378485   0.62321708]]\n",
      "[1.31998775 0.65114493 0.08882095]\n",
      "[[ 0.72027727  0.6637773   0.20149529]\n",
      " [ 0.42662893 -0.19484333 -0.88318958]\n",
      " [ 0.54698118 -0.7221051   0.42352782]]\n",
      "[1.18399431 2.15146242 4.24388819]\n",
      "[[-0.98117618 -0.19214029 -0.01937543]\n",
      " [-0.16387874  0.77535536  0.60989165]\n",
      " [ 0.10216191 -0.60158638  0.79224792]]\n",
      "[13.7757004   4.09841636  0.99984377  0.02063419]\n",
      "[[ 0.32470413 -0.80494744 -0.4693281   0.16235141]\n",
      " [-0.86931439 -0.37304403 -0.07105906 -0.31635622]\n",
      " [ 0.35563331 -0.28938941  0.48470934 -0.74487286]\n",
      " [-0.11128641 -0.3593766   0.73466905  0.56455751]]\n",
      "[0.81618199 8.83655357]\n",
      "[[-0.98594946  0.16704387]\n",
      " [-0.16704387 -0.98594946]]\n",
      "[11.24073782  6.95731234  1.03791671  0.22397274]\n",
      "[[-0.566932    0.78879462 -0.23595773 -0.02674141]\n",
      " [-0.30748128 -0.45536297 -0.73937324 -0.38913628]\n",
      " [-0.15315387  0.01181167  0.50380365 -0.85005074]\n",
      " [-0.74872376 -0.41268401  0.37925328  0.35393727]]\n",
      "[9.3937275  5.72755706 0.04434107 1.42116871]\n",
      "[[ 0.54842603 -0.71243519 -0.32940122  0.28837447]\n",
      " [-0.74963505 -0.24630107 -0.20996008  0.57732127]\n",
      " [ 0.06327594 -0.24972165  0.91563518  0.3086219 ]\n",
      " [ 0.36506485  0.6077919  -0.09499383  0.69877953]]\n",
      "[1.39828003e-05 7.20658302e-01]\n",
      "[[-0.97510256 -0.22175438]\n",
      " [ 0.22175438 -0.97510256]]\n",
      "[0.02332871 4.02910492]\n",
      "[[-0.99986514 -0.01642233]\n",
      " [ 0.01642233 -0.99986514]]\n",
      "[8.02930901 1.60095996 0.16014874]\n",
      "[[ 0.8090952   0.58399356  0.06569998]\n",
      " [ 0.03511701  0.06355133 -0.99736053]\n",
      " [ 0.58662744 -0.8092668  -0.03091097]]\n",
      "[0.08446286 1.70091388]\n",
      "[[-0.8540152   0.52024806]\n",
      " [-0.52024806 -0.8540152 ]]\n",
      "[6.99821469 0.60901242]\n",
      "[[ 0.99928334  0.03785248]\n",
      " [-0.03785248  0.99928334]]\n",
      "[1.19551820e+01 3.17877152e+00 1.66809439e-03 2.63272893e-01]\n",
      "[[ 0.27028669  0.15272194 -0.91061299  0.27277299]\n",
      " [ 0.89547331 -0.11381176  0.12319942 -0.41230613]\n",
      " [ 0.33912654  0.43862874  0.3938338   0.73313911]\n",
      " [ 0.10032872 -0.87825265  0.02237932  0.46701777]]\n",
      "[0.10258102 2.4591043 ]\n",
      "[[-0.99790737  0.06465972]\n",
      " [-0.06465972 -0.99790737]]\n",
      "[0.25248064 3.10758309]\n",
      "[[-0.99995867 -0.00909146]\n",
      " [ 0.00909146 -0.99995867]]\n",
      "[0.29369404 1.06605269 4.10140731 2.67611102]\n",
      "[[ 0.87601266 -0.40513033  0.20763327 -0.15924721]\n",
      " [ 0.21373642  0.80814013  0.35228107 -0.42086139]\n",
      " [ 0.31786711  0.26074364 -0.90644201 -0.09662371]\n",
      " [ 0.29305131  0.33880923  0.10559052  0.88779495]]\n",
      "[1.12231953e+01 2.52366468e+00 7.18345946e-01 5.52085798e-04]\n",
      "[[ 0.13858062 -0.49847455  0.82657098 -0.22158285]\n",
      " [-0.5783326   0.29434024  0.4407286   0.62020443]\n",
      " [ 0.71335901  0.61419652  0.29481885  0.16420541]\n",
      " [ 0.37073677 -0.53632974 -0.18873413  0.73435964]]\n",
      "[3.31899514 1.55018941]\n",
      "[[ 0.75495822 -0.65577289]\n",
      " [ 0.65577289  0.75495822]]\n",
      "[0.0246914  3.56866101 1.89526067]\n",
      "[[ 0.62670726  0.58376476 -0.51619446]\n",
      " [ 0.68969372 -0.10719659  0.71612252]\n",
      " [-0.36271281  0.80481526  0.46979977]]\n",
      "[1.16852888 0.00308305]\n",
      "[[ 0.94407043 -0.32974389]\n",
      " [ 0.32974389  0.94407043]]\n",
      "[0.04070089 1.30722779]\n",
      "[[-0.92993463  0.36772489]\n",
      " [-0.36772489 -0.92993463]]\n",
      "[8.15616288 0.08058733 1.78910032 5.14834194]\n",
      "[[ 0.27473709  0.8422537   0.45931025 -0.06451611]\n",
      " [ 0.70722562 -0.29234843  0.0227004  -0.64331098]\n",
      " [ 0.59234325  0.15341794 -0.55672271  0.56182937]\n",
      " [ 0.27107367 -0.42615024  0.69179377  0.51607792]]\n",
      "[3.35229343 0.05580994 0.73521844]\n",
      "[[ 0.96977152 -0.18958368  0.15362694]\n",
      " [-0.20500366 -0.29151731  0.93433996]\n",
      " [ 0.1323507   0.93759036  0.32157053]]\n",
      "[8.17038278 0.24782226 0.18401245]\n",
      "[[ 0.44070402 -0.85352627 -0.27797999]\n",
      " [-0.89295651 -0.44848245 -0.03862857]\n",
      " [ 0.09169865 -0.26524781  0.95980985]]\n",
      "[4.52312751 0.61926423]\n",
      "[[ 0.98984242  0.14216883]\n",
      " [-0.14216883  0.98984242]]\n",
      "[10.70965634  0.01186016  1.93861217  6.40423331]\n",
      "[[-0.43547595  0.49182202 -0.73800026 -0.15436133]\n",
      " [ 0.02128048 -0.3189622  -0.40435571  0.85691698]\n",
      " [ 0.36845333 -0.60387093 -0.51963558 -0.47912515]\n",
      " [-0.82106637 -0.54010565  0.147753   -0.1109277 ]]\n",
      "[8.6120763  4.62615391 0.51130644 1.25681075]\n",
      "[[-0.50549329  0.23795848  0.82933106 -0.00789267]\n",
      " [ 0.7414377  -0.29388585  0.53882604  0.27123374]\n",
      " [ 0.16986448  0.774322   -0.1129384   0.59901287]\n",
      " [-0.40729931 -0.50737788 -0.09550609  0.7533615 ]]\n",
      "[0.13710867 0.65064982 3.0963236  3.01057725]\n",
      "[[ 0.33635706  0.23283314  0.87833831  0.24733472]\n",
      " [ 0.18600008 -0.12434058  0.2285365  -0.94747795]\n",
      " [-0.91194933  0.20877923  0.32962349 -0.12691734]\n",
      " [ 0.14358384  0.9416684  -0.26007929 -0.15812358]]\n"
     ]
    },
    {
     "name": "stdout",
     "output_type": "stream",
     "text": [
      "[0.01162977 3.82368684 2.48321207]\n",
      "[[ 0.43960633 -0.81443037  0.37874722]\n",
      " [-0.74025197 -0.56733984 -0.36076658]\n",
      " [-0.50869764  0.1217731   0.85228987]]\n",
      "[7.94628143 3.09472686 0.01057145 0.58013532]\n",
      "[[ 0.02607934  0.805987   -0.5712073  -0.15305897]\n",
      " [ 0.46741882  0.4614122   0.52819834  0.53816813]\n",
      " [ 0.88238746 -0.28118161 -0.29268009 -0.23804965]\n",
      " [-0.04724287 -0.24170362 -0.55593803  0.793902  ]]\n",
      "[22.35843944  0.03301711  2.02183302  4.20353012]\n",
      "[[ 0.29968353  0.40742988  0.85228552  0.13341686]\n",
      " [ 0.23542047 -0.18711769  0.15400574 -0.94119414]\n",
      " [ 0.6961951   0.52195909 -0.49271287 -0.01025273]\n",
      " [ 0.60834149 -0.72563528  0.08441352  0.31023929]]\n",
      "[21.1616042   3.86440435  0.2218624   0.89553701]\n",
      "[[ 0.50460759  0.25881001 -0.61017125 -0.55324462]\n",
      " [ 0.42652377  0.49542985 -0.11524466  0.74789398]\n",
      " [-0.65748951  0.73326961 -0.11605965 -0.12865995]\n",
      " [-0.36215493 -0.38714638 -0.77520312  0.34354273]]\n",
      "[1.04024820e+01 1.69018648e-03 4.09870463e+00]\n",
      "[[-0.79239298  0.50889855  0.33635639]\n",
      " [ 0.51135739  0.2534964   0.82112922]\n",
      " [-0.33260633 -0.82265536  0.4610978 ]]\n",
      "[0.15720532 1.54795328 5.62859706 7.87677457]\n",
      "[[-0.92655554 -0.3311708  -0.17770541 -0.01554115]\n",
      " [-0.27783859  0.29370606  0.87927802  0.25181864]\n",
      " [-0.18539122  0.56579166 -0.01752938 -0.80324505]\n",
      " [-0.17300478  0.69565972 -0.44156955  0.5395769 ]]\n",
      "[2.18750867 0.32775705 0.92298679]\n",
      "[[-0.72438368  0.54319153  0.42451296]\n",
      " [ 0.46090321 -0.07633957  0.88416091]\n",
